92.214287 199.50504
85.785713 198.07648
78.64286 199.50504
76.5 196.6479
87.214287 191.6479
97.928574 193.07648
102.92857 198.07648
105.78571 207.36218
107.92857 213.79076
109.35714 220.21931
112.21429 228.79076
112.92857 232.36218
112.21429 236.6479
112.21429 237.36218
116.5 235.93361
118.64286 233.79076
120.07143 227.36218
119.35714 219.50504
117.21429 215.93361
115.07143 223.79076
114.35714 215.21931
113.64286 207.36218
112.92857 199.50504
107.92857 195.21931
104.35714 190.21931
102.92857 188.07648
110.07143 185.21931
116.5 188.07648
119.35714 196.6479
125.07143 208.79076
126.5 215.21931
116.5 205.21931
123.64286 203.07648
120.07143 208.07648
127.21429 201.6479
125.78571 195.93361
98.64286 187.36218
91.5 190.21931
99.35714 200.21931
105.78571 201.6479
110.07143 189.50504
120.78571 190.21931
126.5 191.6479
136.5 191.6479
144.35715 188.79076
152.92857 187.36218
160.78571 183.07648
168.64285 181.6479
175.07143 180.21931
181.5 178.79076
187.5 175.93361
196.5 169.50504
202.21429 162.36218
205.07143 155.21931
203.64285 150.21931
199.35715 143.79076
200.78571 133.07648
207.21429 123.79075
227.92857 115.21932
240.07143 118.07647
245.07143 133.07648
244.35715 144.50504
235.78571 155.93361
221.5 158.79076
210.78571 159.50504
210.07143 153.79076
210.78571 150.93361
207.21429 138.07648
215.07143 132.36218
222.92857 126.6479
215.78571 123.07647
210.78571 130.93361
220.07143 116.6479
225.78571 120.21932
233.64285 123.07647
234.35715 128.79076
225.07143 138.07648
220.07143 131.6479
216.5 139.50504
210.78571 143.79076
215.78571 153.07648
221.5 147.36218
216.5 146.6479
225.78571 151.6479
231.5 147.36218
240.07143 148.07648
235.07143 140.21931
228.64285 132.36218
237.21429 134.50504
242.21429 126.6479
232.92857 116.6479
240.78571 138.07648
228.64285 157.36218
192.21429 173.07648
