145.42857 319.50504
157.21429 317.71933
149.71429 316.64789
140.78571 316.29074
145.42857 312.71933
154.35715 312.00504
163.28571 319.50504
160.42857 313.07648
149.35715 280.93362
145.07143 279.50504
141.14285 273.43362
146.14285 269.50504
148.28571 273.43362
154 269.86218
151.5 276.64789
156.85715 281.29074
166.14285 282.36218
176.5 290.57648
177.92857 297.36218
180.42857 305.57648
181.14285 317.36218
192.57143 316.29074
191.14285 306.64789
187.92857 294.86218
185.07143 287.71933
177.92857 277.71933
173.28571 274.50504
166.5 271.29074
159.35715 268.43362
156.14285 273.43362
160.07143 277.36218
162.21429 273.07648
168.64285 278.79074
171.5 284.86218
175.42857 283.43362
182.92857 284.14789
180.07143 288.07648
181.5 294.86218
185.07143 301.29074
182.21429 310.57648
184.35715 317.36218
185.42857 306.29074
185.78571 312.00504
190.07143 311.64789
189.35715 300.57648
